Gross Margin %,0.38354806739345887,0.3836194330595236,0.3799949736114602,0.3816037590033695,0.39777815665969724,0.4250647437042329,0.4329272785323084,0.4219529750479846,0.38233247727810865,0.4177935962516778
Gross Margin %,0.6866166014676908,0.6651492982170921,0.7038811433493029,0.6872152687862658,0.6704893676293063,0.6988768012004325,0.652473722363175,0.6590195720063889,0.6778100199279796,0.689258007710247
Gross Margin,0.6042424242424242,0.6011918492887351,0.5985885064093331,0.5586115150202642,0.5676170294740898,0.5748844045686989,0.5767338470657972,0.5437926469090538,0.5593714741737528,0.5558751027115859,0.5662115113953431,0.5426547982587226,0.538812896328871,0.5155495208501971,0.5426547982587226,0.5416359098738093,0.5642513649347363,0.5761635423400129,0.5758315673085783,0.6470524559108746,0.6276175092640642,0.6679077521533759,0.6900677707955535
Gross Margin %,0.5996318453750575,0.6448394137823511,0.6324047390329811,0.6038981452373468,0.6186877361731363,0.5837837837837838,0.5975184179914695,0.6357000663570007,0.6489533011272142,0.6506493506493507,0.5884635281945163,0.6263224714346171,0.6310213871676994,0.6410528175234057,0.6477639465191333,0.6519780374489652,0.63,0.63,0.63,0.63,0.63,0.6251006279182096,0.619893753434695,0.623448275862069,0.6424862724590041,0.63,0.62,0.62,0.62,0.62,0.6200000000000001,0.62,0.62,0.62
Gross Margin %,0.6197016641645637,0.6953282828282827,0.6574263921922414,0.6077658612223802,0.6913360222618267,0.7518537458450523,0.6931787360998102,0.6597504317579237
Gross Margin,9089,9878,11295,11878,12016,10507,9741,11348,10854,11206,10346,11009,43727.0,42410.0,43612.0,43415.0
Gross Margin %,0.5659049872361621,0.598485307482581,0.5885878061490359,0.587757929635311,0.6060117006253782,0.5325932684509327,0.5313369333987891,0.568024827310041,0.5517206323387384,0.5708318475879985,0.5390787828261776,0.53,0.6171945573622403,0.5893142499826305,0.5600832188218372,0.5493900587163394
Gross Margin %,0.2864476386036961,0.265552099533437,0.28246820929747757,0.3242000735564546,0.3414795244385733,0.3007102026675905,0.26443232841565106,0.4211802748585287,0.47280638143582304,0.4637700013008976,0.5,0.42,0.48,0.45,0.45723318807143465,0.30566829951014696,0.3762136798411839,0.46604767631579247
Gross Margin %,0.6467305289462724,0.6485020445631311,0.6322198453184137,0.6355101014334814,0.6508361204013378,0.6087435397780225,0.6356849001980801,0.6242635658914729,0.6293541923551171,0.6426441654327498,0.6402103657312618
Gross Margin %,0.17843532840170365,0.20929193656466383,0.20985761226725083,0.19897013388259527,0.19148498560263266,0.21703134240094618,0.21622137404580152,0.20923813029076188,0.19451507446422084,0.21223152530032763,0.20017123287671232,0.19765357666612351,0.20961347869177405,0.20942944994875298,0.249741575356626,0.23858067045677317,0.21751362757165466,0.24000698202129517,0.2270799347471452,0.20872084159170606,0.20045332200028332
Gross Margin %,0.2761883982155953,0.27990190394725045,0.2756400361173433,0.25915765197982205
Gross Margin %,0.7266385553673651,0.7353222059709197,0.7322040925108828,0.7324990593367733
Gross Margin %,0.6197016641645637,0.6953282828282827,0.6574263921922414,0.6077658612223802,0.6913360222618267,0.7518537458450523,0.6931787360998102,0.6597504317579237
Gross Margin %,0.6275577247981978,0.6613482249700837,0.6677858976891171,0.6790962527553269,0.6980480221109,0.7096247960848288,0.700271985494107,0.6888850415512465,0.7193581427108228,0.7215256008359456,0.733379144476894,0.728158342353487,0.7251690458302028,0.7428139183055976,0.7447624668043671,0.8554070473876063,0.8,0.8,0.8,0.8,0.699075098464398,0.7256781647689217,0.7384699453551913
Gross Margin %,0.748505462791177,0.74224049331963,0.745486313337216,0.7427569662299317,0.7457452294997421,0.7392252222035888,0.7455835962145111,0.7313128369517704,0.74,0.74,0.74,0.74,0.74,0.7369070208728653,0.740174672489083,0.752310211720669,0.7441182006399397,0.7389067094076063,0.74,0.74,0.7399999999999999,0.74,0.74,0.74,0.74,0.74,0.74,0.74
Gross Margin %,0.5712347354138398,0.5602800103707545,0.5490089600868857,0.5375932271719411,0.5421511627906976,0.5481997677119629,0.5338053905893102,0.5375932271719411,0.49545257687310523,0.5660520813533548,0.56658728704891,0.5591890124264225,0.5776562241007791,0.5682911189483809,0.5418958265933355,0.55,0.55,0.55,0.55,0.55,0.6302984429065744,0.5910348644161594,0.5853062471360929,0.5532559001606326,0.5402880936304298,0.5490351449613126,0.5590490859110063,0.5500000000000002,0.55,0.55,0.55,0.55,0.55,0.55,0.55,0.55,0.55,0.55,0.55,0.55,0.55,0.55,0.55,0.55,0.55,0.55,0.55
Gross Margin %,0.40959119496855345,0.40561724363161333,0.4314269850083287,0.3784355179704017,0.458006718924972,0.4389233954451346,0.4391288825419493,0.4472872996300863,0.4606676342525399,0.4753246753246753,0.48365406909343844,0.5026937422295897,0.4077702141789806,0.44525248386766364,0.4824753559693319
Gross Margin %,0.057238424504399116,0.06029553197825988,0.03784250823738652,0.04222340787610328,0.048002625952365895,0.05450004083019699
Gross Margin %,0.3001581533611556,0.288050686414771,0.29030680016568355,0.3001581533611556,0.30270818066161226,0.34895336950538647,0.3023078841103457,0.29930036188178527
Gross Margin %,0.608978220207336,0.5890019747835333
Gross Margin %,0.47179136652820863,0.4478017749961525,0.45269900959793613,0.4856749942699977,0.462645280745979,0.4562582022821807,0.4520050237732125,0.4855940710365007,0.4485378339839641,0.43914529914529915,0.4685640056683987,0.5014116565625616,0.4799153371719884,0.4790328073561131,0.4465207153950203
Gross Margin %,0.4712841368950221,0.4937537826685007,0.5079831445471062,0.5024048426068662,0.34567750929368024,0.4853023129094445
Gross Margin %,0.4908591484816115,0.46676624346527257,0.48406040268456374
